107
MS_PC_01     0.0000000 0.0010055 0.0044216 0.0054138 0.2729402 0.2677814 0.2770108 0.2779870 0.3791032 0.3613601 0.5399004 0.5525053 0.5747264 0.5794875 0.5413990 0.5390812 0.5339255 0.5400918 0.5644254 0.5526841 0.3552891 0.3559678 0.3540976 0.3771118 0.3757710 0.3585840 0.3801995 0.3726700 0.3605293 0.3461943 0.3743909 0.3526887 0.3703819 0.3707197 0.3834749 0.3622687 0.3579224 0.3785589 0.3438222 0.3536607 0.3459972 0.3763976 0.3408690 0.3411127 0.3538671 0.3803414 0.3436126 0.3408752 0.3564316 0.3578860 0.3399420 0.3489860 0.3522108 0.3739873 0.3783254 0.3573948 0.3745345 0.3525132 0.3391053 0.3444458 0.3728691 0.3418029 0.3482946 0.3430163 0.3731908 0.3765658 0.3564762 0.3478607 0.3571540 0.3414277 0.3670395 0.3649991 0.3220051 0.3421435 0.3457771 0.3414327 0.3631501 0.3645115 0.3630071 0.3410056 0.3592945 0.3370653 0.3421869 0.3494563 0.3380571 0.3383738 0.3614989 0.3619401 0.3709741 0.3709548 0.3320765 0.3349461 0.3383880 0.3660800 0.3316379 0.3393342 0.3417478 0.3437894 0.3326311 0.3227917 0.3286014 0.3260936 0.3254115 0.3015357 0.3172027 0.3122561 0.3136628 
MS_PC_06     0.0010055 0.0000000 0.0043742 0.0059519 0.2641147 0.2579601 0.2683970 0.2672597 0.3812400 0.3607314 0.5375636 0.5518193 0.5732049 0.5804839 0.5397363 0.5359235 0.5323947 0.5367373 0.5635583 0.5514891 0.3599100 0.3584195 0.3576441 0.3802876 0.3786591 0.3611666 0.3840111 0.3765790 0.3655379 0.3503523 0.3767106 0.3557177 0.3740402 0.3731236 0.3867182 0.3642674 0.3628731 0.3811401 0.3463457 0.3574919 0.3471124 0.3794132 0.3430358 0.3429456 0.3560889 0.3830799 0.3448306 0.3423238 0.3590230 0.3609917 0.3413558 0.3505034 0.3553724 0.3773523 0.3808451 0.3603317 0.3768111 0.3555045 0.3404856 0.3462744 0.3769053 0.3438160 0.3507647 0.3446954 0.3763399 0.3792323 0.3604624 0.3512189 0.3610236 0.3434367 0.3688447 0.3679154 0.3236932 0.3433867 0.3472492 0.3425627 0.3649609 0.3653033 0.3646246 0.3423571 0.3608945 0.3391758 0.3442045 0.3493324 0.3393889 0.3408553 0.3624071 0.3660935 0.3744370 0.3730953 0.3348031 0.3370018 0.3398768 0.3683112 0.3337460 0.3411086 0.3425893 0.3477381 0.3343339 0.3249908 0.3298761 0.3287266 0.3270691 0.3023271 0.3187668 0.3126698 0.3162910 
S_TR_17      0.0044216 0.0043742 0.0000000 0.0024949 0.2656978 0.2608411 0.2713948 0.2689208 0.3721141 0.3538186 0.5319735 0.5430164 0.5638929 0.5695764 0.5339253 0.5281664 0.5228453 0.5296641 0.5544773 0.5448588 0.3449134 0.3436863 0.3425158 0.3656376 0.3641692 0.3461407 0.3692047 0.3617286 0.3502331 0.3350181 0.3614406 0.3401700 0.3593703 0.3597838 0.3715183 0.3496637 0.3465850 0.3647095 0.3305669 0.3426194 0.3335930 0.3637493 0.3284073 0.3280230 0.3398974 0.3672823 0.3310037 0.3281017 0.3452056 0.3453466 0.3263355 0.3372519 0.3396838 0.3622584 0.3657536 0.3451238 0.3621942 0.3410447 0.3266631 0.3314202 0.3621969 0.3286147 0.3350730 0.3297387 0.3605360 0.3653283 0.3465094 0.3359250 0.3458174 0.3283449 0.3548902 0.3530895 0.3094415 0.3293538 0.3335044 0.3280130 0.3509322 0.3511258 0.3507163 0.3282636 0.3469338 0.3251842 0.3299286 0.3360745 0.3238605 0.3269778 0.3485063 0.3499913 0.3586162 0.3576497 0.3205737 0.3243701 0.3250019 0.3536104 0.3181587 0.3263216 0.3282180 0.3342680 0.3200222 0.3102172 0.3169958 0.3140700 0.3121139 0.2880987 0.3068057 0.2994186 0.3011612 
S_TR_01      0.0054138 0.0059519 0.0024949 0.0000000 0.2658528 0.2582726 0.2704595 0.2679705 0.3693888 0.3513128 0.5247776 0.5377604 0.5553691 0.5619351 0.5304888 0.5264641 0.5183547 0.5223779 0.5458473 0.5370290 0.3417541 0.3428591 0.3407054 0.3628828 0.3616006 0.3406736 0.3667170 0.3589219 0.3479639 0.3315630 0.3585613 0.3378130 0.3565876 0.3580410 0.3680701 0.3475520 0.3463938 0.3639350 0.3321268 0.3386444 0.3342448 0.3612990 0.3296239 0.3302376 0.3392072 0.3653661 0.3315996 0.3293475 0.3406954 0.3424467 0.3285368 0.3343799 0.3394146 0.3569790 0.3640424 0.3440450 0.3584529 0.3378658 0.3278079 0.3329082 0.3587338 0.3315204 0.3333174 0.3321239 0.3586972 0.3616757 0.3439078 0.3330926 0.3441643 0.3304452 0.3560103 0.3514477 0.3106921 0.3305641 0.3341028 0.3295846 0.3521900 0.3531668 0.3517026 0.3304433 0.3475800 0.3260990 0.3308819 0.3359874 0.3254132 0.3273913 0.3501139 0.3474052 0.3577072 0.3544576 0.3225359 0.3245945 0.3276410 0.3511598 0.3204805 0.3272559 0.3294839 0.3300781 0.3211610 0.3117348 0.3196927 0.3163311 0.3121266 0.2910707 0.3066964 0.2991283 0.3047307 
S_TR_09      0.2729402 0.2641147 0.2656978 0.2658528 0.0000000 0.0004450 0.0041400 0.0035349 0.6259993 0.6008773 0.8670721 0.8652917 0.9050590 0.9106396 0.8360154 0.8349761 0.8533641 0.8555427 0.9042802 0.8915683 0.5851106 0.5927743 0.5785265 0.6089800 0.6146173 0.5872418 0.6126519 0.5996897 0.5959477 0.5756647 0.6042205 0.5821659 0.6049544 0.6057682 0.6224277 0.5979918 0.5938479 0.6032675 0.5494644 0.5833785 0.5511569 0.6057129 0.5509249 0.5454439 0.5853083 0.6109862 0.5485048 0.5478004 0.5837804 0.5909419 0.5427703 0.5723435 0.5830818 0.6109593 0.6125534 0.5909273 0.6012831 0.5804479 0.5451033 0.5519227 0.6131368 0.5487801 0.5873551 0.5476665 0.6042009 0.6056304 0.5932510 0.5818472 0.5915020 0.5487651 0.5845476 0.5975320 0.5295522 0.5499972 0.5499166 0.5462619 0.5812813 0.5828087 0.5809176 0.5510560 0.5771713 0.5451025 0.5496671 0.5667918 0.5398692 0.5425495 0.5774864 0.5844771 0.6048146 0.5965963 0.5432658 0.5464406 0.5459359 0.5902304 0.5355442 0.5445013 0.5606745 0.5777608 0.5438569 0.5356278 0.5385425 0.5338096 0.5284789 0.5132336 0.5226765 0.5140216 0.5211956 
S_TR_10      0.2677814 0.2579601 0.2608411 0.2582726 0.0004450 0.0000000 0.0037219 0.0034169 0.6045505 0.5808486 0.8546618 0.8471837 0.8871505 0.8952339 0.8161728 0.8135231 0.8377901 0.8411951 0.8874486 0.8766097 0.5734266 0.5803379 0.5684829 0.5982783 0.6064923 0.5758121 0.6022085 0.5913495 0.5850578 0.5671691 0.5937043 0.5700361 0.5938848 0.5962768 0.6129813 0.5849255 0.5824377 0.5933609 0.5372132 0.5730318 0.5386548 0.5952724 0.5393171 0.5336384 0.5773448 0.6015091 0.5368886 0.5357619 0.5717204 0.5791689 0.5317861 0.5612419 0.5737262 0.6004706 0.6031696 0.5773952 0.5914402 0.5700978 0.5327657 0.5400540 0.6014004 0.5377787 0.5778463 0.5353688 0.5953248 0.5958849 0.5835458 0.5698267 0.5812460 0.5359946 0.5737428 0.5901951 0.5175282 0.5378417 0.5381829 0.5324498 0.5684439 0.5694690 0.5694847 0.5391431 0.5640993 0.5331426 0.5379493 0.5549708 0.5305522 0.5318605 0.5655647 0.5745419 0.5977773 0.5868573 0.5299364 0.5343017 0.5332012 0.5807771 0.5230464 0.5342587 0.5474771 0.5663630 0.5325335 0.5236585 0.5255352 0.5229229 0.5161936 0.5006397 0.5092208 0.5018336 0.5095438 
TS_EFCR_13   0.2770108 0.2683970 0.2713948 0.2704595 0.0041400 0.0037219 0.0000000 0.0010141 0.6323959 0.6110946 0.8782135 0.8754457 0.9142788 0.9181898 0.8364845 0.8375885 0.8612289 0.8652018 0.9119397 0.8986732 0.6002584 0.6075132 0.5950691 0.6240792 0.6314205 0.6037074 0.6264900 0.6153923 0.6106392 0.5929437 0.6168892 0.5971324 0.6205327 0.6217907 0.6370120 0.6114272 0.6086092 0.6176167 0.5611168 0.6000675 0.5622257 0.6181544 0.5626874 0.5580356 0.5997785 0.6267103 0.5613986 0.5598610 0.5961749 0.6059836 0.5569122 0.5867313 0.6004907 0.6270384 0.6283669 0.6040182 0.6184456 0.5972129 0.5571479 0.5637996 0.6292395 0.5611646 0.6036272 0.5614198 0.6222357 0.6223845 0.6102527 0.5965893 0.6070001 0.5603275 0.5964016 0.6140216 0.5425572 0.5622148 0.5632188 0.5577751 0.5945214 0.5937041 0.5935173 0.5632922 0.5880145 0.5571900 0.5609060 0.5791285 0.5525173 0.5557696 0.5891797 0.6010051 0.6198965 0.6117128 0.5513332 0.5570074 0.5581357 0.6059511 0.5477172 0.5587886 0.5713908 0.5909702 0.5551577 0.5447343 0.5487104 0.5432513 0.5402796 0.5236236 0.5354605 0.5237773 0.5324438 
TS_EFCR_15   0.2779870 0.2672597 0.2689208 0.2679705 0.0035349 0.0034169 0.0010141 0.0000000 0.6330615 0.6074922 0.8771382 0.8726927 0.9151709 0.9195718 0.8417051 0.8392424 0.8656494 0.8695805 0.9123229 0.9051783 0.6040940 0.6114028 0.5994126 0.6287855 0.6344486 0.6094507 0.6310443 0.6200578 0.6159959 0.5983262 0.6240654 0.6017667 0.6269140 0.6265727 0.6422513 0.6150380 0.6121150 0.6226726 0.5671671 0.6036368 0.5681424 0.6235791 0.5690537 0.5638351 0.6068145 0.6316925 0.5663706 0.5662614 0.6013378 0.6103081 0.5607937 0.5913262 0.6065066 0.6299709 0.6315548 0.6092751 0.6227947 0.6011056 0.5622261 0.5690944 0.6326641 0.5665965 0.6090225 0.5650950 0.6241143 0.6265850 0.6150444 0.6003641 0.6124019 0.5652595 0.6030555 0.6176547 0.5467240 0.5669122 0.5684244 0.5646247 0.6004322 0.6000721 0.5991687 0.5688237 0.5946579 0.5622624 0.5667314 0.5864939 0.5583362 0.5607651 0.5957236 0.6043944 0.6273464 0.6171425 0.5590121 0.5648047 0.5638139 0.6119234 0.5521101 0.5630743 0.5776438 0.5953777 0.5602582 0.5527186 0.5563398 0.5509611 0.5462469 0.5306146 0.5426020 0.5289051 0.5384817 
1272-017     0.3791032 0.3812400 0.3721141 0.3693888 0.6259993 0.6045505 0.6323959 0.6330615 0.0000000 0.0132495 0.1177006 0.1346453 0.2011602 0.2068624 0.2168546 0.2134632 0.2085738 0.2043823 0.2010415 0.1989059 0.2938573 0.2955744 0.2920396 0.3172183 0.3191230 0.2910811 0.3223594 0.3128186 0.2974929 0.2834119 0.3147050 0.2873143 0.3048483 0.3116535 0.3205946 0.2969758 0.2936236 0.3166096 0.2839706 0.2929275 0.2860449 0.3154605 0.2808598 0.2811676 0.2893194 0.3198262 0.2850003 0.2799113 0.2931548 0.2917846 0.2799182 0.2881771 0.2870683 0.3130843 0.3189752 0.2893402 0.3139542 0.2893572 0.2806305 0.2832333 0.3117737 0.2835684 0.2821988 0.2855772 0.3117998 0.3146266 0.2917301 0.2854656 0.2949952 0.2815352 0.3057099 0.3039467 0.2757139 0.2785925 0.2878412 0.2808174 0.3040539 0.3017182 0.3017352 0.2830706 0.2984595 0.2772785 0.2831308 0.2863828 0.2732036 0.2806397 0.3047331 0.2933725 0.3103760 0.3076632 0.2756031 0.2826495 0.2799171 0.3046908 0.2726286 0.2772977 0.2786271 0.2782234 0.2654046 0.2689341 0.2721101 0.2686226 0.2643085 0.2533612 0.2519871 0.2530519 0.2549847 
1272-012     0.3613601 0.3607314 0.3538186 0.3513128 0.6008773 0.5808486 0.6110946 0.6074922 0.0132495 0.0000000 0.1165449 0.1342750 0.2014343 0.2069302 0.2080893 0.2041127 0.2026118 0.2006602 0.2014698 0.1967355 0.2879352 0.2902170 0.2858358 0.3099021 0.3129463 0.2867583 0.3154719 0.3054910 0.2905480 0.2776784 0.3093359 0.2824831 0.3003230 0.3053640 0.3138291 0.2930940 0.2874509 0.3090184 0.2780614 0.2874288 0.2813170 0.3092778 0.2755859 0.2756708 0.2844692 0.3139718 0.2786099 0.2757305 0.2896008 0.2852619 0.2736749 0.2819208 0.2812259 0.3080628 0.3118141 0.2826789 0.3068538 0.2815993 0.2750147 0.2785770 0.3058199 0.2775779 0.2756075 0.2793910 0.3044865 0.3063923 0.2855969 0.2804407 0.2888724 0.2766780 0.2975853 0.2970851 0.2701525 0.2741049 0.2828731 0.2759866 0.2959837 0.2931674 0.2922190 0.2770163 0.2913633 0.2721891 0.2780789 0.2774907 0.2683097 0.2756981 0.2966583 0.2894258 0.3030717 0.3003951 0.2690899 0.2753129 0.2740873 0.2968593 0.2679769 0.2723996 0.2695516 0.2718305 0.2573140 0.2635152 0.2655884 0.2619626 0.2596877 0.2464116 0.2457343 0.2456604 0.2476248 
1208-058     0.5399004 0.5375636 0.5319735 0.5247776 0.8670721 0.8546618 0.8782135 0.8771382 0.1177006 0.1165449 0.0000000 0.0293181 0.1285552 0.1300169 0.1587746 0.1584998 0.1377998 0.1336358 0.1258177 0.1225959 0.4249215 0.4271863 0.4203003 0.4493300 0.4553892 0.4242058 0.4549399 0.4429519 0.4292881 0.4124907 0.4431291 0.4161795 0.4396541 0.4427566 0.4529201 0.4262436 0.4234318 0.4502060 0.3955441 0.4206770 0.3981827 0.4464607 0.3936121 0.3925670 0.4205817 0.4553379 0.3957130 0.3913766 0.4278843 0.4220490 0.3902769 0.4184354 0.4178856 0.4419658 0.4476978 0.4168830 0.4461849 0.4155060 0.3905801 0.3936545 0.4446547 0.3949413 0.4188283 0.3956297 0.4432969 0.4473902 0.4210387 0.4133406 0.4255986 0.3931225 0.4223590 0.4347131 0.3864640 0.3908715 0.3997298 0.3934985 0.4150044 0.4148876 0.4118844 0.3940920 0.4115144 0.3877289 0.3945176 0.3868863 0.3854840 0.3919093 0.4206936 0.4215981 0.4401350 0.4369451 0.3848491 0.3944179 0.3905237 0.4382819 0.3838026 0.3906110 0.3875938 0.4081208 0.3706945 0.3791860 0.3847957 0.3796066 0.3738372 0.3694970 0.3542164 0.3624054 0.3646609 
1208-011     0.5525053 0.5518193 0.5430164 0.5377604 0.8652917 0.8471837 0.8754457 0.8726927 0.1346453 0.1342750 0.0293181 0.0000000 0.1252163 0.1311767 0.1557220 0.1569197 0.1433828 0.1455017 0.1254671 0.1198250 0.4447900 0.4434575 0.4386839 0.4668628 0.4719293 0.4399831 0.4707195 0.4604154 0.4479195 0.4315603 0.4615142 0.4365196 0.4583610 0.4586777 0.4717374 0.4459901 0.4406873 0.4667321 0.4160847 0.4405811 0.4170785 0.4646731 0.4127606 0.4122882 0.4367999 0.4710208 0.4147334 0.4105351 0.4449573 0.4411886 0.4099413 0.4385818 0.4333626 0.4620040 0.4673379 0.4355171 0.4631089 0.4334435 0.4111999 0.4124244 0.4611258 0.4140309 0.4390678 0.4169622 0.4597204 0.4657165 0.4412427 0.4322810 0.4447194 0.4122695 0.4390920 0.4540641 0.4057418 0.4103902 0.4195343 0.4131857 0.4329366 0.4326203 0.4290027 0.4133791 0.4294590 0.4080623 0.4141497 0.4076820 0.4048003 0.4115783 0.4375999 0.4387057 0.4601742 0.4559517 0.4025093 0.4108159 0.4110458 0.4559113 0.4040944 0.4088703 0.4061331 0.4266717 0.3873088 0.3981928 0.4028854 0.3967373 0.3937976 0.3893065 0.3733593 0.3851113 0.3827777 
KLS_3228-047 0.5747264 0.5732049 0.5638929 0.5553691 0.9050590 0.8871505 0.9142788 0.9151709 0.2011602 0.2014343 0.1285552 0.1252163 0.0000000 0.0191579 0.0943531 0.0951703 0.0646874 0.0659018 0.0157144 0.0137420 0.4452488 0.4450667 0.4389066 0.4668216 0.4701198 0.4393560 0.4694012 0.4608774 0.4469162 0.4306766 0.4617125 0.4362997 0.4567584 0.4633815 0.4702088 0.4473889 0.4442100 0.4646183 0.4123489 0.4397234 0.4142453 0.4642117 0.4091218 0.4093999 0.4369666 0.4710828 0.4122219 0.4068611 0.4477126 0.4416191 0.4071123 0.4357941 0.4391827 0.4626949 0.4657459 0.4373136 0.4611651 0.4327182 0.4068908 0.4087877 0.4620292 0.4105668 0.4384781 0.4141147 0.4624391 0.4639781 0.4433809 0.4309453 0.4446905 0.4093647 0.4373808 0.4534896 0.4045282 0.4079762 0.4150912 0.4101332 0.4309779 0.4300959 0.4271281 0.4102598 0.4278715 0.4038815 0.4109320 0.4045684 0.4016050 0.4076567 0.4358477 0.4420130 0.4569932 0.4522892 0.4035171 0.4094308 0.4065618 0.4552918 0.4002436 0.4046404 0.4052158 0.4230529 0.3924556 0.3982529 0.4021056 0.3941934 0.3883160 0.3859387 0.3685407 0.3766809 0.3752163 
KLS_2897-059 0.5794875 0.5804839 0.5695764 0.5619351 0.9106396 0.8952339 0.9181898 0.9195718 0.2068624 0.2069302 0.1300169 0.1311767 0.0191579 0.0000000 0.1029966 0.1037660 0.0669857 0.0689655 0.0191172 0.0151566 0.4551277 0.4564389 0.4495810 0.4767832 0.4800315 0.4512768 0.4811542 0.4717744 0.4582077 0.4416102 0.4722470 0.4472117 0.4686997 0.4727968 0.4819402 0.4569536 0.4560011 0.4765476 0.4232674 0.4513046 0.4241215 0.4759513 0.4192912 0.4182735 0.4483999 0.4816383 0.4221281 0.4177533 0.4575164 0.4527298 0.4172830 0.4457002 0.4485357 0.4729834 0.4777347 0.4470174 0.4715076 0.4427493 0.4172697 0.4185758 0.4710280 0.4205775 0.4486381 0.4238968 0.4730908 0.4748940 0.4548105 0.4430356 0.4545801 0.4180383 0.4479774 0.4631514 0.4133278 0.4183888 0.4263040 0.4196048 0.4409325 0.4410177 0.4365517 0.4205519 0.4387883 0.4136613 0.4195410 0.4142954 0.4121442 0.4178343 0.4469422 0.4522949 0.4681554 0.4631815 0.4144968 0.4196966 0.4168509 0.4667814 0.4099332 0.4150073 0.4148994 0.4375317 0.4024458 0.4066823 0.4127129 0.4044864 0.4003789 0.3981701 0.3796194 0.3874987 0.3849270 
KSS_3734-008 0.5413990 0.5397363 0.5339253 0.5304888 0.8360154 0.8161728 0.8364845 0.8417051 0.2168546 0.2080893 0.1587746 0.1557220 0.0943531 0.1029966 0.0000000 0.0039000 0.1151873 0.1165791 0.0964195 0.0919107 0.4302941 0.4327433 0.4269374 0.4481398 0.4511306 0.4265580 0.4522040 0.4437770 0.4319332 0.4167460 0.4446903 0.4212570 0.4427617 0.4430465 0.4539373 0.4316020 0.4286589 0.4472249 0.3988852 0.4272456 0.4009675 0.4492044 0.3957372 0.3951750 0.4238078 0.4523719 0.3969512 0.3938294 0.4321340 0.4273801 0.3931510 0.4227982 0.4237598 0.4465169 0.4489727 0.4244279 0.4454984 0.4219602 0.3937003 0.3952736 0.4421107 0.3956773 0.4208004 0.3998605 0.4460798 0.4459619 0.4306398 0.4187180 0.4304413 0.3945429 0.4228811 0.4373420 0.3896652 0.3941632 0.4012420 0.3960263 0.4169969 0.4157414 0.4139008 0.3969164 0.4137954 0.3907958 0.3970990 0.3935849 0.3880384 0.3948087 0.4209247 0.4272300 0.4423353 0.4342207 0.3887496 0.3965308 0.3925801 0.4400456 0.3859286 0.3917870 0.3919917 0.4099249 0.3779075 0.3827123 0.3866640 0.3825890 0.3777982 0.3740393 0.3574488 0.3666297 0.3623094 
KSS_3734-002 0.5390812 0.5359235 0.5281664 0.5264641 0.8349761 0.8135231 0.8375885 0.8392424 0.2134632 0.2041127 0.1584998 0.1569197 0.0951703 0.1037660 0.0039000 0.0000000 0.1196772 0.1213177 0.0971489 0.0932707 0.4225491 0.4258293 0.4184799 0.4409745 0.4416452 0.4198870 0.4442493 0.4361651 0.4248519 0.4094545 0.4384547 0.4138634 0.4354632 0.4368498 0.4468289 0.4241372 0.4218759 0.4395391 0.3964073 0.4195581 0.3978798 0.4413180 0.3923958 0.3921786 0.4153004 0.4451048 0.3944329 0.3905773 0.4244372 0.4197541 0.3896440 0.4148067 0.4155704 0.4378804 0.4400391 0.4171931 0.4356712 0.4147768 0.3910365 0.3929160 0.4348954 0.3928686 0.4131799 0.3968088 0.4388864 0.4385506 0.4231717 0.4125274 0.4235802 0.3913056 0.4190600 0.4297065 0.3866816 0.3909750 0.3984494 0.3931230 0.4132003 0.4112495 0.4113740 0.3936990 0.4105062 0.3876263 0.3942795 0.3902438 0.3846543 0.3911175 0.4168208 0.4213417 0.4342146 0.4274432 0.3849805 0.3924055 0.3891881 0.4314498 0.3832764 0.3886497 0.3884972 0.4034053 0.3746772 0.3795975 0.3836635 0.3767398 0.3754017 0.3698738 0.3513668 0.3618765 0.3565701 
LRS_2735-077 0.5339255 0.5323947 0.5228453 0.5183547 0.8533641 0.8377901 0.8612289 0.8656494 0.2085738 0.2026118 0.1377998 0.1433828 0.0646874 0.0669857 0.1151873 0.1196772 0.0000000 0.0060841 0.0538297 0.0624829 0.4190420 0.4200273 0.4140460 0.4400716 0.4421283 0.4151487 0.4441967 0.4341741 0.4200358 0.4067475 0.4366548 0.4123053 0.4325830 0.4358150 0.4450407 0.4200592 0.4174657 0.4401402 0.3931217 0.4157146 0.3942448 0.4388989 0.3896159 0.3892508 0.4137769 0.4448581 0.3918463 0.3870944 0.4199798 0.4159480 0.3877716 0.4109645 0.4116044 0.4377492 0.4393664 0.4096029 0.4348036 0.4103352 0.3871933 0.3889632 0.4341855 0.3902266 0.4096272 0.3933849 0.4336170 0.4370169 0.4190214 0.4069350 0.4187326 0.3881347 0.4156224 0.4265903 0.3847164 0.3882600 0.3960852 0.3898204 0.4101497 0.4094633 0.4031758 0.3903001 0.4092448 0.3847076 0.3927010 0.3833195 0.3813586 0.3890326 0.4145802 0.4157378 0.4321529 0.4260025 0.3818988 0.3881404 0.3875683 0.4297794 0.3805338 0.3862867 0.3828146 0.4008255 0.3705741 0.3770341 0.3817235 0.3739016 0.3682606 0.3635479 0.3469054 0.3593531 0.3576215 
LRS_2728-012 0.5400918 0.5367373 0.5296641 0.5223779 0.8555427 0.8411951 0.8652018 0.8695805 0.2043823 0.2006602 0.1336358 0.1455017 0.0659018 0.0689655 0.1165791 0.1213177 0.0060841 0.0000000 0.0537901 0.0608394 0.4257647 0.4261416 0.4197535 0.4469792 0.4500317 0.4221290 0.4523973 0.4414184 0.4269309 0.4125224 0.4441618 0.4191247 0.4384566 0.4437117 0.4512611 0.4253549 0.4252107 0.4480737 0.4007766 0.4220044 0.4025525 0.4455958 0.3974207 0.3974039 0.4200981 0.4522388 0.3999173 0.3960430 0.4270831 0.4219631 0.3954942 0.4162873 0.4173172 0.4442947 0.4466341 0.4175362 0.4424995 0.4172362 0.3955058 0.3972024 0.4420617 0.3988820 0.4170762 0.4018005 0.4405292 0.4440745 0.4260798 0.4129854 0.4250371 0.3970326 0.4250827 0.4344339 0.3930504 0.3959001 0.4036061 0.3973923 0.4174667 0.4180263 0.4137457 0.3987139 0.4161844 0.3928424 0.3993767 0.3931174 0.3894161 0.3969727 0.4230640 0.4218982 0.4392802 0.4328875 0.3915777 0.3976089 0.3951843 0.4369604 0.3884228 0.3930418 0.3913941 0.4080877 0.3786562 0.3843578 0.3909879 0.3836150 0.3779973 0.3741966 0.3541188 0.3686212 0.3640713 
SNS_2894-073 0.5644254 0.5635583 0.5544773 0.5458473 0.9042802 0.8874486 0.9119397 0.9123229 0.2010415 0.2014698 0.1258177 0.1254671 0.0157144 0.0191172 0.0964195 0.0971489 0.0538297 0.0537901 0.0000000 0.0125942 0.4386228 0.4403607 0.4323597 0.4618910 0.4644443 0.4349372 0.4648234 0.4552351 0.4400123 0.4253213 0.4580797 0.4305945 0.4511651 0.4572288 0.4667483 0.4396130 0.4373040 0.4599172 0.4108733 0.4345817 0.4121711 0.4602220 0.4068623 0.4068550 0.4313379 0.4656991 0.4094587 0.4045436 0.4405814 0.4347777 0.4047890 0.4305661 0.4317635 0.4568215 0.4600549 0.4310938 0.4566833 0.4285690 0.4047624 0.4067567 0.4557474 0.4075875 0.4307296 0.4113456 0.4573401 0.4599347 0.4394745 0.4262951 0.4380719 0.4063694 0.4366872 0.4474424 0.4007630 0.4054763 0.4121342 0.4079538 0.4302125 0.4292003 0.4247429 0.4079656 0.4269571 0.4022107 0.4080946 0.4041084 0.4000501 0.4059331 0.4344058 0.4362919 0.4542687 0.4483125 0.4012659 0.4086956 0.4042619 0.4502966 0.3982058 0.4016833 0.4030500 0.4185634 0.3891704 0.3966235 0.4012701 0.3918679 0.3859544 0.3841145 0.3661527 0.3740517 0.3707367 
SNS_2801-025 0.5526841 0.5514891 0.5448588 0.5370290 0.8915683 0.8766097 0.8986732 0.9051783 0.1989059 0.1967355 0.1225959 0.1198250 0.0137420 0.0151566 0.0919107 0.0932707 0.0624829 0.0608394 0.0125942 0.0000000 0.4304853 0.4334401 0.4270769 0.4559627 0.4596006 0.4281986 0.4588223 0.4492424 0.4345518 0.4193918 0.4520114 0.4250549 0.4468900 0.4506373 0.4592125 0.4340629 0.4318878 0.4537622 0.4054808 0.4292177 0.4064625 0.4540890 0.4026114 0.4013412 0.4274791 0.4599534 0.4040369 0.3993216 0.4350865 0.4287175 0.3993409 0.4231695 0.4264008 0.4519185 0.4545636 0.4252863 0.4527425 0.4210567 0.3992532 0.4016194 0.4509441 0.4026818 0.4255843 0.4054038 0.4504452 0.4537742 0.4322858 0.4206101 0.4320259 0.4010510 0.4306057 0.4409114 0.3958637 0.4004041 0.4079950 0.4026034 0.4229585 0.4233171 0.4180268 0.4022275 0.4202231 0.3962644 0.4024927 0.3970483 0.3938575 0.4004042 0.4291674 0.4293779 0.4474215 0.4432183 0.3950019 0.4023248 0.3987092 0.4448075 0.3921639 0.3967167 0.3974774 0.4130658 0.3841192 0.3885330 0.3936695 0.3848502 0.3814023 0.3767189 0.3596269 0.3689919 0.3658220 
OSKR_44      0.3552891 0.3599100 0.3449134 0.3417541 0.5851106 0.5734266 0.6002584 0.6040940 0.2938573 0.2879352 0.4249215 0.4447900 0.4452488 0.4551277 0.4302941 0.4225491 0.4190420 0.4257647 0.4386228 0.4304853 0.0000000 0.0237492 0.0179569 0.0487001 0.0491574 0.0248758 0.0462469 0.0458305 0.0263740 0.0214582 0.0446872 0.0254557 0.0305234 0.0451069 0.0450559 0.0164554 0.0240193 0.0469524 0.1302348 0.0203446 0.1307545 0.0484043 0.1287680 0.1273531 0.0259017 0.0466015 0.1298055 0.1274974 0.0173454 0.0249037 0.1249978 0.0200774 0.0252094 0.0479007 0.0465546 0.0255755 0.0473910 0.0251027 0.1251613 0.1298544 0.0425935 0.1284485 0.0211634 0.1311195 0.0458454 0.0467962 0.0231379 0.0236250 0.0282627 0.1279990 0.1458238 0.0402958 0.1200868 0.1287599 0.1297908 0.1271888 0.1418347 0.1426608 0.1441510 0.1279957 0.1408493 0.1231948 0.1281833 0.1318431 0.1236821 0.1250657 0.1443689 0.0274991 0.0438240 0.0441382 0.1226798 0.1272648 0.1245721 0.0406866 0.1178923 0.1233882 0.1248684 0.0208124 0.1184321 0.1164362 0.1186142 0.1140303 0.1105892 0.1032132 0.0978580 0.0998693 0.0968257 
OSKR_15      0.3559678 0.3584195 0.3436863 0.3428591 0.5927743 0.5803379 0.6075132 0.6114028 0.2955744 0.2902170 0.4271863 0.4434575 0.4450667 0.4564389 0.4327433 0.4258293 0.4200273 0.4261416 0.4403607 0.4334401 0.0237492 0.0000000 0.0212129 0.0407912 0.0424602 0.0202928 0.0400861 0.0428742 0.0230067 0.0221803 0.0424649 0.0202541 0.0276065 0.0358748 0.0416511 0.0271152 0.0200676 0.0385037 0.1303822 0.0233098 0.1313131 0.0402652 0.1285912 0.1274398 0.0228866 0.0409779 0.1299164 0.1276820 0.0264405 0.0216279 0.1251571 0.0256099 0.0180975 0.0401863 0.0396929 0.0227023 0.0404765 0.0254808 0.1249829 0.1299619 0.0364305 0.1285924 0.0188713 0.1314724 0.0403568 0.0406345 0.0224976 0.0157631 0.0244019 0.1283119 0.1450313 0.0329621 0.1201255 0.1289346 0.1301018 0.1275711 0.1413877 0.1421479 0.1431974 0.1283157 0.1403419 0.1241774 0.1287160 0.1310423 0.1240918 0.1252419 0.1431526 0.0302317 0.0368752 0.0407399 0.1213786 0.1265652 0.1255207 0.0356495 0.1180788 0.1239355 0.1241822 0.0172724 0.1171076 0.1150513 0.1172390 0.1114303 0.1099005 0.1027697 0.0962347 0.0989141 0.0983109 
OSKR_19      0.3540976 0.3576441 0.3425158 0.3407054 0.5785265 0.5684829 0.5950691 0.5994126 0.2920396 0.2858358 0.4203003 0.4386839 0.4389066 0.4495810 0.4269374 0.4184799 0.4140460 0.4197535 0.4323597 0.4270769 0.0179569 0.0212129 0.0000000 0.0447432 0.0472785 0.0213961 0.0434238 0.0474848 0.0235506 0.0236070 0.0475240 0.0214932 0.0257135 0.0380395 0.0435594 0.0187967 0.0241899 0.0464270 0.1255675 0.0156322 0.1268542 0.0432083 0.1238322 0.1229257 0.0232500 0.0440688 0.1254070 0.1231431 0.0205272 0.0256548 0.1209515 0.0196204 0.0240108 0.0477866 0.0423137 0.0232946 0.0421708 0.0232383 0.1209710 0.1255569 0.0412996 0.1242356 0.0211587 0.1264950 0.0434231 0.0420348 0.0216529 0.0213816 0.0263020 0.1239624 0.1413265 0.0397626 0.1161456 0.1241807 0.1261246 0.1229058 0.1367559 0.1379232 0.1393927 0.1234036 0.1365619 0.1201725 0.1240258 0.1274195 0.1194252 0.1210731 0.1395670 0.0241357 0.0404958 0.0438843 0.1177984 0.1229138 0.1211180 0.0390734 0.1146761 0.1194009 0.1207750 0.0193666 0.1137947 0.1112329 0.1142176 0.1072792 0.1064890 0.0999643 0.0928986 0.0949944 0.0918454 
OSKR_23      0.3771118 0.3802876 0.3656376 0.3628828 0.6089800 0.5982783 0.6240792 0.6287855 0.3172183 0.3099021 0.4493300 0.4668628 0.4668216 0.4767832 0.4481398 0.4409745 0.4400716 0.4469792 0.4618910 0.4559627 0.0487001 0.0407912 0.0447432 0.0000000 0.0161652 0.0434191 0.0177401 0.0161911 0.0424885 0.0383745 0.0147125 0.0420185 0.0461837 0.0172898 0.0135889 0.0440119 0.0438671 0.0147494 0.1421343 0.0420439 0.1433703 0.0155331 0.1405781 0.1393457 0.0398352 0.0124914 0.1419907 0.1398628 0.0460038 0.0420240 0.1373266 0.0446380 0.0403427 0.0158024 0.0141384 0.0451846 0.0150908 0.0424037 0.1376654 0.1419555 0.0151545 0.1405463 0.0031072 0.1432586 0.0123696 0.0146543 0.0366833 0.0398845 0.0420442 0.1403086 0.1584772 0.0147620 0.1326524 0.1411395 0.1423493 0.1400940 0.1540393 0.1556006 0.1567630 0.1404782 0.1543520 0.1358816 0.1402508 0.1446314 0.1364394 0.1370168 0.1569440 0.0483097 0.0138989 0.0126906 0.1347829 0.1400829 0.1375325 0.0133448 0.1308414 0.1361693 0.1377111 0.0325593 0.1311680 0.1294524 0.1299926 0.1241494 0.1216387 0.1166651 0.1079292 0.1098811 0.1082171 
OSKR_22      0.3757710 0.3786591 0.3641692 0.3616006 0.6146173 0.6064923 0.6314205 0.6344486 0.3191230 0.3129463 0.4553892 0.4719293 0.4701198 0.4800315 0.4511306 0.4416452 0.4421283 0.4500317 0.4644443 0.4596006 0.0491574 0.0424602 0.0472785 0.0161652 0.0000000 0.0429024 0.0193852 0.0158486 0.0459076 0.0356052 0.0140005 0.0428244 0.0448317 0.0172275 0.0134922 0.0490475 0.0433093 0.0154784 0.1460100 0.0443104 0.1468798 0.0160585 0.1444224 0.1431249 0.0442687 0.0136843 0.1456081 0.1434177 0.0481648 0.0429334 0.1410701 0.0426592 0.0434443 0.0159018 0.0143311 0.0476959 0.0152150 0.0466363 0.1411210 0.1454672 0.0173516 0.1441140 0.0054644 0.1472971 0.0144372 0.0166884 0.0396056 0.0384594 0.0454717 0.1442103 0.1612187 0.0143580 0.1360202 0.1445422 0.1459588 0.1436045 0.1572572 0.1584916 0.1600615 0.1440753 0.1573884 0.1400582 0.1434237 0.1483703 0.1399437 0.1411944 0.1600595 0.0494787 0.0147862 0.0141392 0.1381821 0.1438175 0.1415148 0.0135117 0.1332603 0.1396935 0.1407208 0.0337044 0.1345467 0.1326289 0.1335864 0.1271816 0.1250189 0.1183650 0.1118877 0.1124697 0.1124185 
OSKR_11      0.3585840 0.3611666 0.3461407 0.3406736 0.5872418 0.5758121 0.6037074 0.6094507 0.2910811 0.2867583 0.4242058 0.4399831 0.4393560 0.4512768 0.4265580 0.4198870 0.4151487 0.4221290 0.4349372 0.4281986 0.0248758 0.0202928 0.0213961 0.0434191 0.0429024 0.0000000 0.0446271 0.0419597 0.0213809 0.0201287 0.0390910 0.0189120 0.0215864 0.0364477 0.0425122 0.0219610 0.0181078 0.0423425 0.1266882 0.0208155 0.1278909 0.0412133 0.1252512 0.1237872 0.0224159 0.0395812 0.1266435 0.1242522 0.0235831 0.0209571 0.1218579 0.0215712 0.0204987 0.0449621 0.0405209 0.0240758 0.0404646 0.0224400 0.1221287 0.1264979 0.0401337 0.1251539 0.0196448 0.1278294 0.0423216 0.0395907 0.0206921 0.0203588 0.0240982 0.1249106 0.1413502 0.0363570 0.1164184 0.1252428 0.1266353 0.1242613 0.1373340 0.1384294 0.1394952 0.1248535 0.1370878 0.1202533 0.1250847 0.1276899 0.1202438 0.1217299 0.1396765 0.0265141 0.0365692 0.0399633 0.1185630 0.1234732 0.1218264 0.0380947 0.1148931 0.1194427 0.1208616 0.0161814 0.1143134 0.1120624 0.1139394 0.1094586 0.1070225 0.0989217 0.0925738 0.0959788 0.0927665 
OSKR_21      0.3801995 0.3840111 0.3692047 0.3667170 0.6126519 0.6022085 0.6264900 0.6310443 0.3223594 0.3154719 0.4549399 0.4707195 0.4694012 0.4811542 0.4522040 0.4442493 0.4441967 0.4523973 0.4648234 0.4588223 0.0462469 0.0400861 0.0434238 0.0177401 0.0193852 0.0446271 0.0000000 0.0171053 0.0407110 0.0382815 0.0172390 0.0437931 0.0436228 0.0160923 0.0179262 0.0451249 0.0436441 0.0167855 0.1467268 0.0405057 0.1476854 0.0169162 0.1454861 0.1436886 0.0404932 0.0172126 0.1465345 0.1443751 0.0443927 0.0434901 0.1420420 0.0419448 0.0401745 0.0170937 0.0147827 0.0462571 0.0181256 0.0429155 0.1418510 0.1461037 0.0171917 0.1451448 0.0049926 0.1479080 0.0146746 0.0188292 0.0372298 0.0371852 0.0430001 0.1450458 0.1623495 0.0152113 0.1371322 0.1453598 0.1467627 0.1444247 0.1587329 0.1591996 0.1608161 0.1449851 0.1581954 0.1408435 0.1450123 0.1484379 0.1409064 0.1422485 0.1609340 0.0487007 0.0171271 0.0166847 0.1386556 0.1443915 0.1422537 0.0161514 0.1344748 0.1402592 0.1412352 0.0335122 0.1352536 0.1336951 0.1340251 0.1301453 0.1266799 0.1194017 0.1127907 0.1128141 0.1128880 
OSKR_27      0.3726700 0.3765790 0.3617286 0.3589219 0.5996897 0.5913495 0.6153923 0.6200578 0.3128186 0.3054910 0.4429519 0.4604154 0.4608774 0.4717744 0.4437770 0.4361651 0.4341741 0.4414184 0.4552351 0.4492424 0.0458305 0.0428742 0.0474848 0.0161911 0.0158486 0.0419597 0.0171053 0.0000000 0.0406721 0.0365089 0.0152696 0.0411839 0.0409538 0.0156365 0.0132129 0.0451240 0.0418052 0.0174627 0.1386495 0.0421367 0.1395420 0.0132943 0.1373335 0.1358040 0.0410371 0.0136883 0.1384667 0.1360274 0.0470991 0.0385537 0.1337010 0.0406612 0.0416049 0.0143278 0.0144701 0.0438247 0.0154806 0.0431249 0.1337875 0.1379764 0.0127052 0.1368093 0.0049960 0.1400861 0.0138577 0.0139928 0.0378046 0.0393632 0.0398867 0.1366997 0.1546479 0.0121589 0.1288874 0.1371698 0.1384579 0.1364966 0.1507156 0.1515038 0.1528463 0.1369402 0.1502102 0.1327536 0.1363782 0.1409232 0.1327992 0.1337280 0.1533743 0.0470578 0.0178133 0.0127128 0.1313352 0.1367528 0.1335378 0.0152371 0.1269907 0.1321785 0.1337963 0.0330010 0.1277341 0.1257204 0.1265667 0.1198741 0.1181932 0.1125995 0.1063410 0.1064279 0.1061729 
OSKR_16      0.3605293 0.3655379 0.3502331 0.3479639 0.5959477 0.5850578 0.6106392 0.6159959 0.2974929 0.2905480 0.4292881 0.4479195 0.4469162 0.4582077 0.4319332 0.4248519 0.4200358 0.4269309 0.4400123 0.4345518 0.0263740 0.0230067 0.0235506 0.0424885 0.0459076 0.0213809 0.0407110 0.0406721 0.0000000 0.0197828 0.0385207 0.0097311 0.0251715 0.0390175 0.0433032 0.0227645 0.0215918 0.0422707 0.1280280 0.0221804 0.1290339 0.0433146 0.1266051 0.1251025 0.0186613 0.0450388 0.1277745 0.1253414 0.0238955 0.0228066 0.1227621 0.0239164 0.0195717 0.0405796 0.0403710 0.0237068 0.0416666 0.0226979 0.1223783 0.1274383 0.0391057 0.1262498 0.0202560 0.1291246 0.0396665 0.0393468 0.0224570 0.0184532 0.0243458 0.1260206 0.1427711 0.0376391 0.1176964 0.1266236 0.1281377 0.1253367 0.1385200 0.1396501 0.1409325 0.1257853 0.1382000 0.1217286 0.1260010 0.1285871 0.1217469 0.1226839 0.1408466 0.0252983 0.0408480 0.0408684 0.1189649 0.1247975 0.1234308 0.0402493 0.1151977 0.1205447 0.1224294 0.0169094 0.1156002 0.1142055 0.1142277 0.1084571 0.1071683 0.1012376 0.0937472 0.0961918 0.0943224 
OSKR_9       0.3461943 0.3503523 0.3350181 0.3315630 0.5756647 0.5671691 0.5929437 0.5983262 0.2834119 0.2776784 0.4124907 0.4315603 0.4306766 0.4416102 0.4167460 0.4094545 0.4067475 0.4125224 0.4253213 0.4193918 0.0214582 0.0221803 0.0236070 0.0383745 0.0356052 0.0201287 0.0382815 0.0365089 0.0197828 0.0000000 0.0367900 0.0189447 0.0200632 0.0310301 0.0390851 0.0210331 0.0168988 0.0361876 0.1186448 0.0218664 0.1198108 0.0373908 0.1170585 0.1159819 0.0189002 0.0364753 0.1184675 0.1162175 0.0241336 0.0178630 0.1136240 0.0212335 0.0200467 0.0388956 0.0354569 0.0215087 0.0375029 0.0109838 0.1125687 0.1186316 0.0344800 0.1170783 0.0181955 0.1197884 0.0371797 0.0364093 0.0184217 0.0149568 0.0109616 0.1168775 0.1334587 0.0321179 0.1087224 0.1173893 0.1188279 0.1162407 0.1298223 0.1307074 0.1321100 0.1170055 0.1294449 0.1128729 0.1167226 0.1200219 0.1121096 0.1141059 0.1324226 0.0249042 0.0344105 0.0325428 0.1110472 0.1157137 0.1136862 0.0322991 0.1074357 0.1113685 0.1129233 0.0164091 0.1069490 0.1052316 0.1064829 0.1013421 0.0983295 0.0928536 0.0858027 0.0895527 0.0861734 
OSKR_34      0.3743909 0.3767106 0.3614406 0.3585613 0.6042205 0.5937043 0.6168892 0.6240654 0.3147050 0.3093359 0.4431291 0.4615142 0.4617125 0.4722470 0.4446903 0.4384547 0.4366548 0.4441618 0.4580797 0.4520114 0.0446872 0.0424649 0.0475240 0.0147125 0.0140005 0.0390910 0.0172390 0.0152696 0.0385207 0.0367900 0.0000000 0.0395989 0.0447905 0.0160284 0.0163953 0.0446335 0.0384882 0.0156573 0.1417682 0.0436456 0.1424365 0.0150612 0.1400589 0.1385172 0.0404159 0.0136536 0.1409425 0.1389784 0.0461285 0.0395316 0.1364777 0.0431197 0.0411342 0.0161456 0.0170674 0.0430307 0.0168308 0.0401449 0.1366603 0.1410440 0.0144006 0.1396951 0.0057782 0.1431402 0.0142652 0.0166040 0.0370834 0.0368568 0.0399538 0.1398121 0.1570152 0.0141398 0.1316282 0.1400940 0.1416547 0.1390156 0.1531253 0.1541631 0.1553159 0.1397856 0.1525246 0.1354789 0.1391799 0.1435223 0.1355362 0.1361265 0.1556289 0.0450779 0.0165778 0.0139636 0.1338182 0.1391016 0.1368240 0.0145529 0.1291650 0.1348751 0.1366763 0.0320095 0.1302719 0.1284273 0.1293087 0.1234746 0.1215744 0.1140882 0.1058573 0.1091781 0.1075814 
OSKR_10      0.3526887 0.3557177 0.3401700 0.3378130 0.5821659 0.5700361 0.5971324 0.6017667 0.2873143 0.2824831 0.4161795 0.4365196 0.4362997 0.4472117 0.4212570 0.4138634 0.4123053 0.4191247 0.4305945 0.4250549 0.0254557 0.0202541 0.0214932 0.0420185 0.0428244 0.0189120 0.0437931 0.0411839 0.0097311 0.0189447 0.0395989 0.0000000 0.0245852 0.0399097 0.0411305 0.0207426 0.0186096 0.0430669 0.1218961 0.0221271 0.1230942 0.0438337 0.1206975 0.1194208 0.0211072 0.0416587 0.1216658 0.1194711 0.0236795 0.0099216 0.1168800 0.0225866 0.0209351 0.0416737 0.0426625 0.0237779 0.0416051 0.0219305 0.1169490 0.1217034 0.0372424 0.1203401 0.0193617 0.1232107 0.0395767 0.0399745 0.0183278 0.0188338 0.0225637 0.1201047 0.1364097 0.0355283 0.1118123 0.1207004 0.1224494 0.1195024 0.1325989 0.1333662 0.1349087 0.1198946 0.1321014 0.1161585 0.1197821 0.1225865 0.1160164 0.1174701 0.1349669 0.0235303 0.0382874 0.0388592 0.1140654 0.1185606 0.1166768 0.0386567 0.1107282 0.1153625 0.1154929 0.0158407 0.1100622 0.1084232 0.1089966 0.1038918 0.1029167 0.0949623 0.0883271 0.0916989 0.0894236 
OSKR_17      0.3703819 0.3740402 0.3593703 0.3565876 0.6049544 0.5938848 0.6205327 0.6269140 0.3048483 0.3003230 0.4396541 0.4583610 0.4567584 0.4686997 0.4427617 0.4354632 0.4325830 0.4384566 0.4511651 0.4468900 0.0305234 0.0276065 0.0257135 0.0461837 0.0448317 0.0215864 0.0436228 0.0409538 0.0251715 0.0200632 0.0447905 0.0245852 0.0000000 0.0385243 0.0424250 0.0287407 0.0220650 0.0453015 0.1348734 0.0258284 0.1356922 0.0424052 0.1332471 0.1319924 0.0260881 0.0409342 0.1346845 0.1321966 0.0288953 0.0225251 0.1298304 0.0277204 0.0247898 0.0474619 0.0418034 0.0264048 0.0422468 0.0271390 0.1296577 0.1345311 0.0390010 0.1329293 0.0199738 0.1361128 0.0422257 0.0418538 0.0220297 0.0233451 0.0289397 0.1329084 0.1501270 0.0372453 0.1243493 0.1334352 0.1346289 0.1324514 0.1459067 0.1467647 0.1481362 0.1328758 0.1454979 0.1283895 0.1327428 0.1359584 0.1286154 0.1303249 0.1482883 0.0312206 0.0392420 0.0408255 0.1265597 0.1315517 0.1301612 0.0386002 0.1235702 0.1278304 0.1291267 0.0215995 0.1225778 0.1203779 0.1224979 0.1166293 0.1148684 0.1075594 0.1004945 0.1036892 0.1012185 
OSKR_36      0.3707197 0.3731236 0.3597838 0.3580410 0.6057682 0.5962768 0.6217907 0.6265727 0.3116535 0.3053640 0.4427566 0.4586777 0.4633815 0.4727968 0.4430465 0.4368498 0.4358150 0.4437117 0.4572288 0.4506373 0.0451069 0.0358748 0.0380395 0.0172898 0.0172275 0.0364477 0.0160923 0.0156365 0.0390175 0.0310301 0.0160284 0.0399097 0.0385243 0.0000000 0.0158794 0.0398872 0.0397395 0.0171615 0.1398785 0.0386472 0.1409132 0.0137446 0.1384864 0.1372106 0.0353021 0.0143730 0.1395999 0.1374544 0.0435429 0.0364902 0.1351081 0.0404340 0.0338183 0.0170010 0.0154060 0.0392625 0.0187592 0.0385944 0.1352027 0.1393391 0.0149772 0.1381540 0.0042322 0.1413204 0.0167841 0.0162777 0.0330827 0.0325974 0.0365155 0.1381298 0.1552325 0.0158397 0.1302697 0.1387472 0.1398177 0.1376465 0.1512150 0.1520214 0.1536514 0.1380734 0.1510498 0.1337245 0.1376583 0.1414414 0.1339965 0.1350551 0.1540564 0.0429922 0.0143885 0.0151152 0.1314942 0.1371381 0.1352454 0.0161744 0.1276430 0.1332808 0.1346795 0.0277336 0.1274234 0.1254006 0.1270968 0.1222132 0.1191087 0.1134918 0.1059820 0.1085891 0.1051152 
OSKR_24      0.3834749 0.3867182 0.3715183 0.3680701 0.6224277 0.6129813 0.6370120 0.6422513 0.3205946 0.3138291 0.4529201 0.4717374 0.4702088 0.4819402 0.4539373 0.4468289 0.4450407 0.4512611 0.4667483 0.4592125 0.0450559 0.0416511 0.0435594 0.0135889 0.0134922 0.0425122 0.0179262 0.0132129 0.0433032 0.0390851 0.0163953 0.0411305 0.0424250 0.0158794 0.0000000 0.0450468 0.0437634 0.0141556 0.1459526 0.0424821 0.1469780 0.0133261 0.1445818 0.1432519 0.0408893 0.0147281 0.1456714 0.1433314 0.0475327 0.0410907 0.1410094 0.0449288 0.0448083 0.0145975 0.0138097 0.0444313 0.0161334 0.0441749 0.1410069 0.1456881 0.0129636 0.1442377 0.0046540 0.1473742 0.0108739 0.0155420 0.0399241 0.0361539 0.0428430 0.1443336 0.1615093 0.0140905 0.1363859 0.1448039 0.1456339 0.1433419 0.1575752 0.1587285 0.1599273 0.1439686 0.1574707 0.1397473 0.1439947 0.1479651 0.1398327 0.1404489 0.1601748 0.0483233 0.0144450 0.0112204 0.1377921 0.1435427 0.1409870 0.0134849 0.1341916 0.1393005 0.1405728 0.0324509 0.1347698 0.1326977 0.1335980 0.1278454 0.1253518 0.1195061 0.1110570 0.1131814 0.1121702 
OSKR_42      0.3622687 0.3642674 0.3496637 0.3475520 0.5979918 0.5849255 0.6114272 0.6150380 0.2969758 0.2930940 0.4262436 0.4459901 0.4473889 0.4569536 0.4316020 0.4241372 0.4200592 0.4253549 0.4396130 0.4340629 0.0164554 0.0271152 0.0187967 0.0440119 0.0490475 0.0219610 0.0451249 0.0451240 0.0227645 0.0210331 0.0446335 0.0207426 0.0287407 0.0398872 0.0450468 0.0000000 0.0210052 0.0453390 0.1295738 0.0184199 0.1307412 0.0474620 0.1284599 0.1268919 0.0224529 0.0482366 0.1297522 0.1274694 0.0186994 0.0250772 0.1248557 0.0224821 0.0219188 0.0500541 0.0452141 0.0240759 0.0453508 0.0262030 0.1252942 0.1296913 0.0407385 0.1281885 0.0211334 0.1309004 0.0440741 0.0451176 0.0218719 0.0222239 0.0251478 0.1281018 0.1457240 0.0411525 0.1198889 0.1283376 0.1300738 0.1271338 0.1415412 0.1418683 0.1434822 0.1277371 0.1409304 0.1235374 0.1277427 0.1316127 0.1234745 0.1250208 0.1441290 0.0248348 0.0430961 0.0444586 0.1224900 0.1273800 0.1244198 0.0407895 0.1182267 0.1233154 0.1251090 0.0196403 0.1187719 0.1163976 0.1170803 0.1118178 0.1094142 0.1029112 0.0964009 0.0992790 0.0962933 
