1.224848389625549316e+00 7.623364722567989027e-01 7.582564250242761483e-01 7.870018304842840706e-01 8.039844192957645852e-01 8.201754886179232207e-01 8.293078496575275738e-01 8.101466220355441061e-01 8.255069166563480110e-01 8.068690409468011193e-01 8.184855288282945063e-01 8.142886324237664786e-01 8.239079923000723893e-01 8.266052479585253021e-01 8.292674743227126388e-01 8.222282663594950858e-01 8.234170221189627270e-01 7.859831297289546770e-01 8.219900875243575378e-01 7.953566226546665563e-01 8.252278024250047084e-01 8.264617194984457127e-01 8.248594856884966520e-01 8.257813467378766203e-01 8.147481373376432856e-01 8.194499545433808763e-01 8.239502005630755521e-01 8.264400298482172946e-01 8.371244228312794133e-01 8.274909595908578330e-01 8.392086658400839116e-01 8.379498005774130842e-01 8.404107612435888219e-01 8.418592836590785833e-01 8.271260541373669506e-01 8.332649379574174064e-01 8.402521620406274705e-01 2.774061459304106303e-01 2.792670262735999498e-01 2.793906725543035541e-01 2.808501416242513704e-01 2.813218151447117177e-01 2.761585073528932677e-01 2.761824627060211479e-01 2.810502617421453131e-01 2.756217394244116492e-01 2.798181775968926477e-01 2.801042925956218066e-01 2.768717709915082259e-01 2.797616877684221404e-01 2.776353637832941201e-01 2.797887998312076907e-01 2.791341644372828945e-01 2.780328546267995526e-01 2.785718373435086548e-01 2.724588181767822470e-01 2.713398155178144422e-01 2.724419399630481631e-01 2.723929855060185368e-01 2.781737355239404796e-01 2.718412486639990022e-01 2.705747207432075974e-01 2.768196089101490620e-01 2.689473605426770941e-01 -6.950933123374803957e-01 -6.986826948769250256e-01 -7.033651135926696218e-01 -7.009433063091832228e-01 -6.972226657455863341e-01 -6.928810189288530097e-01 -7.027167152460522814e-01 -6.963551306511213124e-01 -6.981008929211498515e-01 -6.991478513193823963e-01 -7.008060403537469396e-01 -7.013810706581596888e-01 -7.004889437771680827e-01 -6.987839641593295292e-01 -7.009436627118864616e-01 -6.999018466955155837e-01 -6.986481238147064232e-01 -6.961525920863121941e-01 -6.977502435757904076e-01 -6.973268880789609270e-01 -7.213628900471185101e-01 -7.204539613244005380e-01 -7.209678940225360266e-01 -7.244818210182282225e-01 -7.255759264026381272e-01 -7.197503205587743036e-01 -7.218287083803106574e-01 -7.165517081261445487e-01 -7.233016189236394222e-01 -7.230013241887867093e-01 -7.203231106176234411e-01 -7.215418042041670255e-01 -7.190970853183267231e-01 -7.207357740333544260e-01 -7.199384502714363254e-01 -7.231319712368762254e-01 -7.208002320079769376e-01 -7.258701113768630808e-01 -7.205442330376752302e-01 -7.249010524266339406e-01 -7.228280615603188686e-01 -6.939813868179063316e-01 -6.945998982521196519e-01 -6.931916493421009795e-01
7.623364722567989027e-01 1.226133942604064941e+00 7.075702072593731407e-01 7.383172721303675745e-01 7.550909071283798957e-01 7.697807064349627693e-01 7.720941163819790010e-01 7.562091460672693000e-01 7.685707701719857177e-01 7.554174229192599510e-01 7.617548230450394975e-01 7.672811524474886236e-01 7.624016939514999258e-01 7.664862216751496815e-01 7.712906319447612180e-01 7.679294489647621180e-01 7.671548840611823739e-01 7.438397320177525529e-01 7.727010701856715791e-01 7.570533113273332226e-01 7.744049805954001942e-01 7.709523039500010277e-01 7.716901084604707028e-01 7.742350783352776045e-01 7.584894105628799954e-01 7.674721333817769997e-01 7.725214432232164752e-01 7.710468015810431064e-01 7.800890436513884252e-01 7.750814329262332159e-01 7.747561900021506798e-01 7.753830514425552600e-01 7.726814171223190808e-01 7.796487335688170317e-01 7.698458263003199464e-01 7.707159071283798957e-01 7.791996661626793275e-01 2.457557784079430208e-01 2.483462914567624580e-01 2.494948500827668947e-01 2.454712163067067354e-01 2.477589907164223781e-01 2.453434459375794241e-01 2.453728237032644088e-01 2.442653532174814124e-01 2.463878076875452017e-01 2.474817603279393652e-01 2.453454316097834487e-01 2.451769040458020299e-01 2.480286602761286041e-01 2.457197308202394292e-01 2.498152306556832292e-01 2.453953279882431782e-01 2.460316850149567025e-01 2.445199011196340089e-01 2.383307645184205292e-01 2.400063663705740979e-01 2.401984419703081797e-01 2.404813748020437625e-01 2.475775308257789631e-01 2.382718817003708356e-01 2.366516495539060239e-01 2.430375713620041289e-01 2.350010468056542290e-01 -6.400416196893961018e-01 -6.420803449815241093e-01 -6.483515051191647283e-01 -6.482990120924382316e-01 -6.417650813331334803e-01 -6.384749243204317359e-01 -6.440865867129813571e-01 -6.429512913590063050e-01 -6.419129884549963361e-01 -6.432750577576038520e-01 -6.422100755655194559e-01 -6.459432411384031791e-01 -6.442674865422338693e-01 -6.444529686919572287e-01 -6.433802474697444262e-01 -6.455393859609105389e-01 -6.422936265421035351e-01 -6.409988664357448851e-01 -6.404393651062609827e-01 -6.423891424665836292e-01 -6.660627338001733344e-01 -6.681373539359892755e-01 -6.662432263120506848e-01 -6.719002027625893270e-01 -6.699978269618034332e-01 -6.664799286217031327e-01 -6.669633125167000465e-01 -6.642800583930189573e-01 -6.696950374080277157e-01 -6.660590170291248446e-01 -6.664757536186075582e-01 -6.690238802030721299e-01 -6.654441205366161682e-01 -6.665172999908760554e-01 -6.675463873392725178e-01 -6.689328956843909602e-01 -6.683830172278957260e-01 -6.715148805256675457e-01 -6.659757715405720813e-01 -6.704479635760510758e-01 -6.668488563342739317e-01 -6.401139185234907547e-01 -6.367014135542188313e-01 -6.357346966788970377e-01
7.582564250242761483e-01 7.075702072593731407e-01 1.211852431297302246e+00 7.315423622289710659e-01 7.435598031516589268e-01 7.655801441740581748e-01 7.676257938615642651e-01 7.466623395984176570e-01 7.585470968861400820e-01 7.530654196509453113e-01 7.589213706392601289e-01 7.573509075845753502e-01 7.612240375905059420e-01 7.633993669473354560e-01 7.674181638295654029e-01 7.639016911002782795e-01 7.643934250014663423e-01 7.400777996552465599e-01 7.645252940016814547e-01 7.489958608408333607e-01 7.663833231232444199e-01 7.670255098798902660e-01 7.716823185156702625e-01 7.710709860501945290e-01 7.600244370059240362e-01 7.634201910481416276e-01 7.651504243432414309e-01 7.660176539496751369e-01 7.767083603520525958e-01 7.688165862079078261e-01 7.739582552641697255e-01 7.755452655872213663e-01 7.707653452747925682e-01 7.726302987917337273e-01 7.675415300795734863e-01 7.657716851697372595e-01 7.712379861740190634e-01 2.394770574415255038e-01 2.439201517420149512e-01 2.422348761022008190e-01 2.420810628783978402e-01 2.436089358100402003e-01 2.424675052381014551e-01 2.436229373448120794e-01 2.399898954742151758e-01 2.396547496464485061e-01 2.420856961135405272e-01 2.385920331572636000e-01 2.373188354144535883e-01 2.399271176837653174e-01 2.415289950910110006e-01 2.443199337457557518e-01 2.389410023184505016e-01 2.371055029392021840e-01 2.409805167879929266e-01 2.309621895426966498e-01 2.354035272870055873e-01 2.308482934216614657e-01 2.339705593037805509e-01 2.447126131527668225e-01 2.331193423616587379e-01 2.361141942773538061e-01 2.380582946517599274e-01 2.355245260047705014e-01 -6.324502930241197030e-01 -6.365651658922205636e-01 -6.437752944089988327e-01 -6.402624875360882761e-01 -6.370487025312331353e-01 -6.285039986346722118e-01 -6.375461388756736847e-01 -6.371953877009703948e-01 -6.379704617512691467e-01 -6.354716714838735125e-01 -6.348666015230410853e-01 -6.385745134186635585e-01 -6.379722946794574856e-01 -6.369270673800694338e-01 -6.363890520421263686e-01 -6.376548926148472018e-01 -6.357291469796602090e-01 -6.365477021597596430e-01 -6.352671981615323205e-01 -6.353182655774457510e-01 -6.618690959346467118e-01 -6.600082665061293152e-01 -6.635216334404306915e-01 -6.657146811030806299e-01 -6.664737679464035613e-01 -6.616316808195876753e-01 -6.635572737107590102e-01 -6.588165067810196618e-01 -6.636532478672861890e-01 -6.623769188721544410e-01 -6.617843739206089593e-01 -6.628099990713164358e-01 -6.588282171555561728e-01 -6.611824097547623902e-01 -6.622476974348781020e-01 -6.648459749711619349e-01 -6.614166681601637565e-01 -6.658924242226754719e-01 -6.633236262814204975e-01 -6.655621407460751149e-01 -6.625384711260858817e-01 -6.341555272153177603e-01 -6.304475134903514411e-01 -6.273566874181292219e-01
7.870018304842840706e-01 7.383172721303675745e-01 7.315423622289710659e-01 1.222415804862976074e+00 7.784413939541067196e-01 8.035456366533501038e-01 7.999853263915590595e-01 7.842673562006738930e-01 7.925654294265622735e-01 7.817728936803894912e-01 7.843104809277712253e-01 7.901305370723982202e-01 7.950012891594924191e-01 7.940831448811610516e-01 8.025315182184915574e-01 7.935567890030825744e-01 7.941592623156481512e-01 7.645207625958825304e-01 7.979169687603866468e-01 7.751685479298501269e-01 7.939950624987780481e-01 7.974707525758750748e-01 7.977340323442581038e-01 7.958422467952268597e-01 7.892274635369486147e-01 7.894450728446393839e-01 7.936741982364786674e-01 7.943039618131814139e-01 8.047761933584458571e-01 8.023734281622492137e-01 8.034168225334489266e-01 8.067163987604517583e-01 8.028291653904056080e-01 8.055911335968405362e-01 8.006831119699171495e-01 7.940789698780654771e-01 8.062184532692922012e-01 2.608445450835163437e-01 2.638758773616261544e-01 2.638768192830562298e-01 2.663928950815612207e-01 2.663072566034292987e-01 2.605917282802082680e-01 2.640782886397554652e-01 2.641425429556903959e-01 2.624863905082017168e-01 2.640276794558891749e-01 2.629555692097391151e-01 2.596943317306752430e-01 2.644414884517377606e-01 2.602379985971989829e-01 2.693172810913498916e-01 2.637254499635043881e-01 2.604018165540298302e-01 2.621649916418474779e-01 2.555449641723636645e-01 2.541873244462112824e-01 2.551636896518577058e-01 2.563647158472527332e-01 2.632686689845740724e-01 2.530392749669258534e-01 2.559922241076491023e-01 2.602848400953448604e-01 2.549819242731828917e-01 -6.659543873783749790e-01 -6.692970374178033310e-01 -6.750442855816166654e-01 -6.764294192305937425e-01 -6.693386347047437512e-01 -6.657020542644499495e-01 -6.745220028772899168e-01 -6.716281656706398762e-01 -6.703427229492384676e-01 -6.724044107583924124e-01 -6.724901001511962573e-01 -6.723905619676361356e-01 -6.739609741076491023e-01 -6.721412837340250412e-01 -6.697274191393546294e-01 -6.725400474443278265e-01 -6.703886479832902312e-01 -6.696943246026211272e-01 -6.702255682892018784e-01 -6.696800175798178767e-01 -6.920718829630546631e-01 -6.921775309072424331e-01 -6.948961707278924482e-01 -6.997018029496294700e-01 -6.968706417040855250e-01 -6.922155641671500215e-01 -6.952049172982801561e-01 -6.887555558089974994e-01 -6.952473292199708998e-01 -6.912201823315498039e-01 -6.930681303480771271e-01 -6.931199614840689582e-01 -6.915625835000619448e-01 -6.935424514314761923e-01 -6.926712504806344928e-01 -6.963456096074763790e-01 -6.937423424333465372e-01 -6.964327246110934011e-01 -6.932433786487490757e-01 -6.970708891086592196e-01 -6.924066469307821325e-01 -6.698332707422299803e-01 -6.677881811161148207e-01 -6.655269077931218469e-01
8.039844192957645852e-01 7.550909071283798957e-01 7.435598031516589268e-01 7.784413939541067196e-01 1.272088408470153809e+00 8.118457973807863270e-01 8.122942028961894767e-01 7.949805668880300935e-01 8.105891214490070773e-01 8.033159096537476618e-01 8.030993695541667199e-01 8.081119190024960153e-01 8.082739294884745407e-01 8.073068562104495083e-01 8.233883062440123801e-01 8.207877375474932347e-01 8.224376274903384409e-01 7.947604118467443968e-01 8.192459903677586919e-01 8.080573893888935988e-01 8.199766668241627032e-01 8.202433069608909832e-01 8.275002260611432625e-01 8.277802567565806235e-01 8.124023965739720632e-01 8.206959383940616304e-01 8.244187173738782848e-01 8.196442958460145034e-01 8.083095697588029704e-01 8.213704559673624672e-01 8.073476897773114169e-01 8.116683597492228008e-01 8.069063614013021191e-01 8.051963921456175566e-01 8.058510020822063913e-01 8.009258731255254338e-01 8.077114241933486261e-01 2.710837656328408674e-01 2.743235680350358252e-01 2.680796727041963590e-01 2.740357219374621178e-01 2.734866581157172627e-01 2.726587855506605318e-01 2.703962139035341883e-01 2.724157189070208207e-01 2.694295224855483561e-01 2.710925993284151181e-01 2.675886261510789232e-01 2.670980632873444782e-01 2.689033448088214984e-01 2.718552756561068429e-01 2.733190470158299856e-01 2.712475581323358087e-01 2.716754959496360255e-01 2.706959740343319876e-01 2.640848057177583863e-01 2.630525871170402152e-01 2.621229615801958790e-01 2.636192419579257429e-01 2.714681204909966672e-01 2.619645914932580699e-01 2.626983992019837899e-01 2.689819570622316025e-01 2.614781018032754645e-01 -6.796596496744718996e-01 -6.844545898151105368e-01 -6.892221887769399702e-01 -6.881399974257541574e-01 -6.821096127715177149e-01 -6.789025994180248880e-01 -6.858748545876970359e-01 -6.843278631967570913e-01 -6.850473893400155223e-01 -6.844501602386553474e-01 -6.842521530796452645e-01 -6.887557594676850803e-01 -6.872808123374803957e-01 -6.849961182654145109e-01 -6.842401881317492496e-01 -6.864226964573163503e-01 -6.838647433411755294e-01 -6.843564772423635922e-01 -6.824024230496015253e-01 -6.846431777598196433e-01 -7.075277444230104740e-01 -7.058241395013131747e-01 -7.050970779866139182e-01 -7.112948191673781340e-01 -7.094329205307507991e-01 -7.071028105713522693e-01 -7.087741865057383128e-01 -7.034655682403238020e-01 -7.085943049699237051e-01 -7.049396498211062401e-01 -7.071837648996696091e-01 -7.095119401015360650e-01 -7.044051475955240837e-01 -7.075222965531174912e-01 -7.066162699666976854e-01 -7.086665019746746230e-01 -7.065494190024960153e-01 -7.100141115104631195e-01 -7.057121781378101755e-01 -7.123298126177147749e-01 -7.079105209263374388e-01 -6.829433914385146798e-01 -6.817733722783052563e-01 -6.803878822266248294e-01
8.201754886179232207e-01 7.697807064349627693e-01 7.655801441740581748e-01 8.035456366533501038e-01 8.118457973807863270e-01 1.272715330123901367e+00 8.305606051595706418e-01 8.119319450056372567e-01 8.344658114087967204e-01 8.142309970151783149e-01 8.230205495688952544e-01 8.274419796764922452e-01 8.288810828776809192e-01 8.304106105361600543e-01 8.399806340953970274e-01 8.381900159994265520e-01 8.393051491433300981e-01 8.050798993763156330e-01 8.346913634053035880e-01 8.168814620901572177e-01 8.400836344766460240e-01 8.466060076054300332e-01 8.423717398317290828e-01 8.488134132055551451e-01 8.303425885345047108e-01 8.425443405694622578e-01 8.394832486656282899e-01 8.410269815175668295e-01 8.369447958688243094e-01 8.421115658583318009e-01 8.353847703218785226e-01 8.424832938778569202e-01 8.374703371121523521e-01 8.335716988556011176e-01 8.299184693175967187e-01 8.242803312956602513e-01 8.336875806488402985e-01 2.760771457072007107e-01 2.792363501837816231e-01 2.758049304138996405e-01 2.755998970301675732e-01 2.800042452653428438e-01 2.775230460170877711e-01 2.777503545697750931e-01 2.745899790557405629e-01 2.784218427200980117e-01 2.770943953943809657e-01 2.775908134453836107e-01 2.767789535446387172e-01 2.784185841810965512e-01 2.790705974694185909e-01 2.813768284476971804e-01 2.776969959936262944e-01 2.763558780785047020e-01 2.785774634147533679e-01 2.718717465524657095e-01 2.693721671076556023e-01 2.720761689601350342e-01 2.715584685762791328e-01 2.808485887267584968e-01 2.725419618359912199e-01 2.695673230450395530e-01 2.735461009951578037e-01 2.682615144548790020e-01 -6.981929975626127716e-01 -7.029922654503626411e-01 -7.098655424978657091e-01 -7.063555359319095839e-01 -7.043446609653095658e-01 -6.980201931661920156e-01 -7.059235758555294504e-01 -7.035951460803033797e-01 -7.030349828600848117e-01 -7.037606187639710020e-01 -7.051622487666430183e-01 -7.058941980898444379e-01 -7.075873145891308225e-01 -7.043045911185260577e-01 -7.037523705871235880e-01 -7.065308351472533444e-01 -7.025169260735256715e-01 -7.025516498797599318e-01 -7.030881377775460850e-01 -7.021265123694140353e-01 -7.240565307638666681e-01 -7.238955894859980811e-01 -7.240094856070332652e-01 -7.276529904427051498e-01 -7.283216019140658082e-01 -7.245421039897551596e-01 -7.268157495780191990e-01 -7.201294312057245905e-01 -7.250262006901585510e-01 -7.236650478516452045e-01 -7.242274004027554613e-01 -7.264658130380662326e-01 -7.204503463826958942e-01 -7.228367679692133674e-01 -7.227470054026576829e-01 -7.269691554844469605e-01 -7.213347851482309059e-01 -7.274055451372822834e-01 -7.254287320861818600e-01 -7.274756037258135466e-01 -7.230578394745931226e-01 -7.024265016162353215e-01 -7.003882854708263217e-01 -6.983836730088697209e-01
8.293078496575275738e-01 7.720941163819790010e-01 7.676257938615642651e-01 7.999853263915590595e-01 8.122942028961894767e-01 8.305606051595706418e-01 1.243785381317138672e+00 8.138338625743761767e-01 8.381456693202036234e-01 8.144446349784610906e-01 8.227310996591568060e-01 8.230370459225901936e-01 8.336547406854663000e-01 8.341724410693222014e-01 8.354650118447892737e-01 8.258411205626845497e-01 8.318119350508006438e-01 7.962659586947595791e-01 8.363453774365725568e-01 8.093731263400741893e-01 8.317406035954719723e-01 8.395079931961705322e-01 8.250413528965153676e-01 8.390038870297114038e-01 8.262880495526025992e-01 8.298921464322256414e-01 8.289020088078309367e-01 8.341847115052495321e-01 8.540184710283297287e-01 8.344550684130263019e-01 8.474944686300450725e-01 8.524821717184882797e-01 8.502141776588049149e-01 8.547648801183501677e-01 8.406521986177277750e-01 8.453978024412974746e-01 8.475051607111435681e-01 2.859520972364330560e-01 2.901587183432935979e-01 2.872386346232803089e-01 2.880186728540891639e-01 2.879509054257932688e-01 2.892430179692133119e-01 2.859630948055629784e-01 2.869741838174436066e-01 2.861634185821445020e-01 2.878834689428647620e-01 2.882100865630885522e-01 2.856093905798895993e-01 2.851601195150642032e-01 2.881582045124247982e-01 2.891631583063417610e-01 2.850621087716611601e-01 2.843866238195942309e-01 2.808038856448322740e-01 2.787507515005572256e-01 2.817997511698154822e-01 2.763983154575314627e-01 2.783211589564202892e-01 2.883998455452513321e-01 2.771351271318991394e-01 2.778799069524188203e-01 2.826805749936458501e-01 2.772308976297387373e-01 -7.042484831500948061e-01 -7.093673933480184601e-01 -7.119427083672764667e-01 -7.117855347751281814e-01 -7.093355207634105541e-01 -7.057093778308557441e-01 -7.107108278807113821e-01 -7.102783077429404290e-01 -7.102137479389740715e-01 -7.094277272342173202e-01 -7.069844339591900839e-01 -7.131855355082995507e-01 -7.115212876279791709e-01 -7.093197372151222035e-01 -7.101571308238238123e-01 -7.110286372626969387e-01 -7.105242256082062724e-01 -7.061984132544332216e-01 -7.078133757323565867e-01 -7.071508231069517647e-01 -7.305454529532139363e-01 -7.316182250900985506e-01 -7.304641422221932467e-01 -7.367339276636927226e-01 -7.356714912052032540e-01 -7.329156836740678971e-01 -7.324471159485932414e-01 -7.256558624375175626e-01 -7.306855701302763517e-01 -7.300433833736306166e-01 -7.292797142098368379e-01 -7.326820871594011964e-01 -7.287840089642407815e-01 -7.312848867331842584e-01 -7.291457577080739938e-01 -7.319837415196522867e-01 -7.310777149332324809e-01 -7.352424841797930988e-01 -7.323100536518446502e-01 -7.354796447214926314e-01 -7.330401700468578419e-01 -7.097255780648188406e-01 -7.067090364988953821e-01 -7.052721735432700978e-01
8.101466220355441061e-01 7.562091460672693000e-01 7.466623395984176570e-01 7.842673562006738930e-01 7.949805668880300935e-01 8.119319450056372567e-01 8.138338625743761767e-01 1.246580004692077637e+00 8.107944094060987039e-01 7.974033924649543970e-01 8.079129444647198399e-01 8.114880199813611084e-01 8.081173668723891090e-01 8.106020028609972616e-01 8.159325144353277715e-01 8.175921290805054920e-01 8.129762049262592161e-01 7.834794516530568798e-01 8.165044389447547735e-01 7.969542741441447697e-01 8.166956744524025424e-01 8.176439602164973230e-01 8.135444635793095403e-01 8.188889766884119847e-01 8.055676619330957022e-01 8.130173948958244745e-01 8.156714239978363201e-01 8.179640098440462692e-01 8.283656227393885185e-01 8.176384105172604944e-01 8.197765212489328546e-01 8.209288730179936655e-01 8.225757080805250476e-01 8.231777740757154627e-01 8.188429498250164862e-01 8.191787830008537830e-01 8.219779698324459760e-01 2.719733467802376015e-01 2.770135428954074164e-01 2.734832213753641272e-01 2.732743948485756857e-01 2.771295265179903877e-01 2.741531566281941723e-01 2.725626841074536011e-01 2.715391973729658348e-01 2.725589927937410173e-01 2.740162979901331619e-01 2.713411138419478119e-01 2.697241147771485270e-01 2.754745451079553820e-01 2.728742818994675523e-01 2.769838341843551266e-01 2.743734898708314884e-01 2.719703682719316062e-01 2.748340639928181783e-01 2.666671724190741721e-01 2.655716668811871628e-01 2.636312832778295312e-01 2.678363514871971995e-01 2.738020235934516267e-01 2.668000851700631504e-01 2.655223051067823192e-01 2.720562867807589935e-01 2.611985038825492267e-01 -6.856358102031373525e-01 -6.869943663933838485e-01 -6.936634246919051172e-01 -6.918652203098218934e-01 -6.872532165853117991e-01 -6.851775272413860307e-01 -6.898447733849051300e-01 -6.900148793037154116e-01 -6.898159556806110482e-01 -6.887253124938902404e-01 -6.901472574506494206e-01 -6.905391476802460460e-01 -6.918374718136376389e-01 -6.914158983303245742e-01 -6.893930584158286523e-01 -6.917390028381874556e-01 -6.889049394563453443e-01 -6.883383100727957782e-01 -6.859776003955866397e-01 -6.869274135998383324e-01 -7.105198469464231170e-01 -7.129971512222780250e-01 -7.101840137705858202e-01 -7.164224866888682097e-01 -7.130507643717862720e-01 -7.077830815025775157e-01 -7.111427370424197036e-01 -7.063968786454905002e-01 -7.120359840461930601e-01 -7.115233242148549797e-01 -7.090632800127735225e-01 -7.128023007729255012e-01 -7.075138956322543082e-01 -7.101256655565910680e-01 -7.102911382402585794e-01 -7.130079451327202555e-01 -7.098043939769165256e-01 -7.144501032142228647e-01 -7.096665170454174998e-01 -7.135438220544436660e-01 -7.112955319727847225e-01 -6.860383925138324734e-01 -6.851606235703160408e-01 -6.842705841908721665e-01
8.255069166563480110e-01 7.685707701719857177e-01 7.585470968861400820e-01 7.925654294265622735e-01 8.105891214490070773e-01 8.344658114087967204e-01 8.381456693202036234e-01 8.107944094060987039e-01 1.211172580718994141e+00 8.199093067132420254e-01 8.261030765495982475e-01 8.223293828978839315e-01 8.380884412289906216e-01 8.413145475844450161e-01 8.367010164197780098e-01 8.277266436070723765e-01 8.377765888636170555e-01 7.931476386997126093e-01 8.296745880392067951e-01 7.988477398773485838e-01 8.352936839738535069e-01 8.389454369863728056e-01 8.301449377781977557e-01 8.330131649048831965e-01 8.149867744048278073e-01 8.274819476939319074e-01 8.339216863102258959e-01 8.363473121941046307e-01 8.586258415176971637e-01 8.358248258310904122e-01 8.527212161030480742e-01 8.622402740757154627e-01 8.525602748251793761e-01 8.563258221293900130e-01 8.448036791349230468e-01 8.485876575503606967e-01 8.578821818199592331e-01 2.853704225673376893e-01 2.863891233226670274e-01 2.860165042963837001e-01 2.875676706904192192e-01 2.877603063515442039e-01 2.846928755710589343e-01 2.845413535074913791e-01 2.848392297954289165e-01 2.840174924483358510e-01 2.829910017482061835e-01 2.839911695629647737e-01 2.841671815837151227e-01 2.844023819105465645e-01 2.849444195075696018e-01 2.892059266307358545e-01 2.842264208044680829e-01 2.809682127483821290e-01 2.798838066089687771e-01 2.807620337845323499e-01 2.775729423955475283e-01 2.805287936725689435e-01 2.772757025410086951e-01 2.835885617949336357e-01 2.752582341243979824e-01 2.742139742037759675e-01 2.799172066337337061e-01 2.739576442881069829e-01 -7.028324952099476164e-01 -7.092798710270262763e-01 -7.134047231708191550e-01 -7.138064908467639524e-01 -7.089095686183143341e-01 -7.047039658048916966e-01 -7.108615862242004813e-01 -7.113742969702104846e-01 -7.092617963185026131e-01 -7.100639060595791419e-01 -7.080557804852616322e-01 -7.111502724138605291e-01 -7.123156583389271823e-01 -7.114433372653037324e-01 -7.092331313582241892e-01 -7.085811180699022049e-01 -7.119272303070195429e-01 -7.075317157674184676e-01 -7.072176740711534348e-01 -7.073509177675098014e-01 -7.321749770273000557e-01 -7.302156277086605529e-01 -7.295221189627418834e-01 -7.327250082278109478e-01 -7.330364532758092411e-01 -7.306918326349197690e-01 -7.311169701452656655e-01 -7.252402459708164884e-01 -7.311968043508012549e-01 -7.298309673624733263e-01 -7.300604397887163755e-01 -7.305600654640485025e-01 -7.267506297126620218e-01 -7.290477469646708952e-01 -7.298029133782577560e-01 -7.321602117724497205e-01 -7.316732129357481629e-01 -7.334285471640935583e-01 -7.291448921586517473e-01 -7.343052978141720866e-01 -7.321165778986333805e-01 -7.067869868615707096e-01 -7.055668676642140591e-01 -7.037568510782505893e-01
8.068690409468011193e-01 7.554174229192599510e-01 7.530654196509453113e-01 7.817728936803894912e-01 8.033159096537476618e-01 8.142309970151783149e-01 8.144446349784610906e-01 7.974033924649543970e-01 8.199093067132420254e-01 1.281283497810363770e+00 8.136097361886824864e-01 8.116909149488735764e-01 8.112135898998324990e-01 8.128895990693613127e-01 8.351981680493734128e-01 8.321700688529291012e-01 8.270939269793995408e-01 8.038839137334384821e-01 8.288368889424737596e-01 8.142889379117979054e-01 8.245510446061403709e-01 8.284468316410653621e-01 8.299956050455218337e-01 8.322001594240205913e-01 8.218429441225731935e-01 8.255522816290088439e-01 8.328443318528704342e-01 8.262908498595569196e-01 8.144471297973840951e-01 8.307361589482739062e-01 8.084489741304589083e-01 8.167841641521607077e-01 8.111698541966724241e-01 8.095948597361887211e-01 8.068578906336555390e-01 8.050592789341970423e-01 8.145773186134265265e-01 2.706557514435327660e-01 2.729116787259764365e-01 2.695068618721609965e-01 2.742992562792046507e-01 2.717047973433131536e-01 2.684075122765456900e-01 2.718954982469060089e-01 2.721956656950789699e-01 2.688733560670737432e-01 2.703652577830203962e-01 2.689770692537293839e-01 2.681495276340399858e-01 2.720780273456592790e-01 2.718557084308179661e-01 2.775363092891171557e-01 2.716125654151704816e-01 2.695772768633955541e-01 2.701678870574089619e-01 2.638587191171966051e-01 2.662851850931616249e-01 2.625312463341435976e-01 2.635006362297400151e-01 2.724952985391969618e-01 2.647714664403068019e-01 2.610259286021519576e-01 2.658692122237573674e-01 2.603705040308127439e-01 -6.844833056900607726e-01 -6.869193181670066872e-01 -6.922293620432342642e-01 -6.912415155790749832e-01 -6.862749420794692634e-01 -6.816783145858722470e-01 -6.886113145435113214e-01 -6.877931666807870492e-01 -6.873058623560540648e-01 -6.886393685277268917e-01 -6.875361494170473264e-01 -6.912008856709005444e-01 -6.899529670626878275e-01 -6.899100969089498880e-01 -6.893301787960349758e-01 -6.905016235670574654e-01 -6.897093912723291087e-01 -6.856659007742288425e-01 -6.844947614912377798e-01 -6.856980279321963634e-01 -7.093031899467554524e-01 -7.106485592369805593e-01 -7.118218369361912767e-01 -7.132659806898978827e-01 -7.151249262755551284e-01 -7.095778746016435656e-01 -7.112940554472996224e-01 -7.072835576565891236e-01 -7.118274375501000284e-01 -7.102129333042237480e-01 -7.110544510013490083e-01 -7.122897936856030787e-01 -7.095350044479057372e-01 -7.090394010316534157e-01 -7.112168178900307725e-01 -7.131485714565017897e-01 -7.115501562469450647e-01 -7.139704870049464747e-01 -7.112957865461441154e-01 -7.152810306595934753e-01 -7.114283174370938934e-01 -6.848300855203560689e-01 -6.844002638601955901e-01 -6.808653600196815647e-01
8.184855288282945063e-01 7.617548230450394975e-01 7.589213706392601289e-01 7.843104809277712253e-01 8.030993695541667199e-01 8.230205495688952544e-01 8.227310996591568060e-01 8.079129444647198399e-01 8.261030765495982475e-01 8.136097361886824864e-01 1.284195065498352051e+00 8.179408945830047850e-01 8.321694069621944356e-01 8.184314065320672515e-01 8.319125933571424047e-01 8.264611085223828590e-01 8.279332553456332233e-01 7.980797938811154957e-01 8.275339824886114304e-01 8.105371884836715113e-01 8.294262262696897592e-01 8.341230538375813408e-01 8.269460198575366849e-01 8.335197149755935175e-01 8.176792949987943260e-01 8.309122218836961782e-01 8.305979765287435646e-01 8.298903644187092254e-01 8.327263625580834105e-01 8.315098073877595919e-01 8.345551157433053202e-01 8.329910679372796167e-01 8.298262628467900637e-01 8.294542293392334065e-01 8.284831847168003804e-01 8.242516154207100154e-01 8.334873841589385268e-01 2.771759352414251421e-01 2.754302238860684149e-01 2.722604291577328528e-01 2.747995438452715544e-01 2.773793902703283742e-01 2.742792977278207811e-01 2.759468550618144889e-01 2.740273210165989903e-01 2.734337068569436258e-01 2.733396165432766534e-01 2.725706777109415113e-01 2.727538941577654086e-01 2.757541430286816753e-01 2.735020598039663020e-01 2.766362397193094513e-01 2.768706508687264756e-01 2.761506664934210153e-01 2.743317143825394488e-01 2.699858925627106054e-01 2.704428262856565790e-01 2.656608184716800491e-01 2.692756838044094714e-01 2.764117823882484282e-01 2.668327723894214909e-01 2.674908445236993670e-01 2.713735464879466486e-01 2.654306586973664284e-01 -6.896240582822286136e-01 -6.937088405792378731e-01 -7.018106886596325866e-01 -6.985312237280293379e-01 -6.927198230776249188e-01 -6.913466543765437455e-01 -6.961005572916326711e-01 -6.981791996865285288e-01 -6.959499007774874180e-01 -6.958785184074868235e-01 -6.945974543478685703e-01 -6.977236661170597154e-01 -6.957130457238193122e-01 -6.968408057063535388e-01 -6.953500241131885806e-01 -6.960821261804057691e-01 -6.970191088873393115e-01 -6.938425425076413244e-01 -6.916723555326733663e-01 -6.922822114726641107e-01 -7.177799736710048784e-01 -7.166216139706601540e-01 -7.191667875041546365e-01 -7.221530857549709470e-01 -7.237692701850197974e-01 -7.184380967199546220e-01 -7.178960082082597172e-01 -7.157005675560306202e-01 -7.206233544378042311e-01 -7.185403842957971410e-01 -7.180930989031757417e-01 -7.217498924682129724e-01 -7.168888650834511767e-01 -7.187430246899499942e-01 -7.190119050722417748e-01 -7.223702368306146315e-01 -7.169651352619539342e-01 -7.210068437465377844e-01 -7.191003438573281281e-01 -7.225436522030982411e-01 -7.175318664748473463e-01 -6.923209066233063647e-01 -6.913127452050598087e-01 -6.880781870140704193e-01
8.142886324237664786e-01 7.672811524474886236e-01 7.573509075845753502e-01 7.901305370723982202e-01 8.081119190024960153e-01 8.274419796764922452e-01 8.230370459225901936e-01 8.114880199813611084e-01 8.223293828978839315e-01 8.116909149488735764e-01 8.179408945830047850e-01 1.282037258148193359e+00 8.201643892194495633e-01 8.250980718410093617e-01 8.349361102331158691e-01 8.293199164347673236e-01 8.297958158729952238e-01 8.042107859270217762e-01 8.344992623482335725e-01 8.169772325879968156e-01 8.293971030773642505e-01 8.349132495454337777e-01 8.385522738899786610e-01 8.336840675364793896e-01 8.255166413586804142e-01 8.325069712368762254e-01 8.306544408998781659e-01 8.299194366963628111e-01 8.247394798068338195e-01 8.394190452643652822e-01 8.252056545427292056e-01 8.241182698950099139e-01 8.245789967610122062e-01 8.270175549715529373e-01 8.187641339129188012e-01 8.202697825902778295e-01 8.271511550706125426e-01 2.765953043231036967e-01 2.773810959118369612e-01 2.748047625991410503e-01 2.775167071404365249e-01 2.776853619910976678e-01 2.759354501753094047e-01 2.756695992159955422e-01 2.775658143414818646e-01 2.747722281237984232e-01 2.756145095410021950e-01 2.737289101246065393e-01 2.747598049438553791e-01 2.777753791310128006e-01 2.765660538440984362e-01 2.800828575187528924e-01 2.759930092118897393e-01 2.735816903508143105e-01 2.759134804943855213e-01 2.699897620777748086e-01 2.704428517429924850e-01 2.683895393973658172e-01 2.701381528890206551e-01 2.788063757796054309e-01 2.669288229179564986e-01 2.665442134864411949e-01 2.715009095396987981e-01 2.637270792330050906e-01 -6.932667993978219867e-01 -6.946057025247159844e-01 -7.018747902315517484e-01 -6.992054867279706709e-01 -6.951113870460040589e-01 -6.911546551488174650e-01 -6.968281788677228583e-01 -6.972867673175054959e-01 -6.975563605052038652e-01 -6.955238468030473520e-01 -6.952390810431234858e-01 -6.987813165963908668e-01 -6.969146319806052148e-01 -6.954284327079111039e-01 -6.959264800284145069e-01 -6.961400670770253596e-01 -6.960629313491003556e-01 -6.944604429657919020e-01 -6.953393829467620080e-01 -6.949091539692263675e-01 -7.171561161962421993e-01 -7.188176655989521047e-01 -7.202893032754833502e-01 -7.219798231265029953e-01 -7.206131205887528202e-01 -7.176520251005259476e-01 -7.209287406398466880e-01 -7.148390403928495118e-01 -7.201357955397118538e-01 -7.178795118545648890e-01 -7.169880977789798715e-01 -7.192583829988986599e-01 -7.165326660388547930e-01 -7.175578838721871078e-01 -7.183917134538558846e-01 -7.193527788005970036e-01 -7.188165454761703543e-01 -7.225944141309802449e-01 -7.180543528378615648e-01 -7.214003632456351678e-01 -7.180317976382109002e-01 -6.932449570035779107e-01 -6.935919404925607878e-01 -6.909126067986157693e-01
8.239079923000723893e-01 7.624016939514999258e-01 7.612240375905059420e-01 7.950012891594924191e-01 8.082739294884745407e-01 8.288810828776809192e-01 8.336547406854663000e-01 8.081173668723891090e-01 8.380884412289906216e-01 8.112135898998324990e-01 8.321694069621944356e-01 8.201643892194495633e-01 1.246465444564819336e+00 8.370919392706086537e-01 8.420138096882882062e-01 8.292052056789818160e-01 8.356474900288706209e-01 7.899038649531096024e-01 8.250787751803601022e-01 8.007503193368221694e-01 8.373146909601610899e-01 8.363095335075565462e-01 8.289548582372607832e-01 8.372015585592044173e-01 8.169163895550790588e-01 8.298225460757414629e-01 8.292812212841250696e-01 8.406447650756306844e-01 8.504090790228293617e-01 8.330906570355115504e-01 8.537078406150818699e-01 8.597186740353095491e-01 8.499295137282247836e-01 8.536523436227133610e-01 8.482006551292662344e-01 8.402658071726960554e-01 8.567201053485659079e-01 2.833680758082806062e-01 2.863996372024139037e-01 2.838949153757421295e-01 2.863388959988399374e-01 2.825153568833377871e-01 2.846579735634730546e-01 2.843348435982742672e-01 2.818300199422587027e-01 2.842725494972074274e-01 2.856862208197832320e-01 2.833553980549780582e-01 2.817751084686170304e-01 2.853333566861961934e-01 2.829720614902602183e-01 2.852440268943516322e-01 2.849838274636183888e-01 2.797064708067490968e-01 2.844411025185247799e-01 2.783797108291026778e-01 2.772116773410973622e-01 2.765264167720261068e-01 2.761830736820838905e-01 2.837885037114759035e-01 2.751213754863369720e-01 2.781569591395501861e-01 2.804389038193335626e-01 2.764921766551748927e-01 -7.015238863128328006e-01 -7.044743915493049125e-01 -7.112782718990113828e-01 -7.115463376465528400e-01 -7.047481597400989672e-01 -6.994669335681653610e-01 -7.087312654373285614e-01 -7.088562609568374029e-01 -7.076544201266919965e-01 -7.086626324596103643e-01 -7.071507721922798417e-01 -7.097963494587566924e-01 -7.088458743637702231e-01 -7.056602960871464214e-01 -7.082876968157556519e-01 -7.071397746231499193e-01 -7.074409858220968017e-01 -7.020061500850478531e-01 -7.057537245100786727e-01 -7.062595617753824051e-01 -7.311360631472273441e-01 -7.299882427839653465e-01 -7.282103024412974746e-01 -7.337535355148165905e-01 -7.317545236667687414e-01 -7.270154369212019629e-01 -7.300455727045221943e-01 -7.213974101946650785e-01 -7.308022665582659672e-01 -7.290212204206122371e-01 -7.274552378570544597e-01 -7.319081841465560068e-01 -7.264075157387434034e-01 -7.307447329790215385e-01 -7.299200680382943451e-01 -7.305355755068657642e-01 -7.287983669017159549e-01 -7.335545100623683812e-01 -7.311694631719921622e-01 -7.336688644154506500e-01 -7.283290354561628988e-01 -7.060211792815572762e-01 -7.051838875021995134e-01 -7.032471952125545211e-01
8.266052479585253021e-01 7.664862216751496815e-01 7.633993669473354560e-01 7.940831448811610516e-01 8.073068562104495083e-01 8.304106105361600543e-01 8.341724410693222014e-01 8.106020028609972616e-01 8.413145475844450161e-01 8.128895990693613127e-01 8.184314065320672515e-01 8.250980718410093617e-01 8.370919392706086537e-01 1.240777492523193359e+00 8.357834831175093848e-01 8.226437809968522030e-01 8.327109354124984097e-01 7.884017803027834059e-01 8.291671724190742276e-01 8.013808975482752395e-01 8.345789438097535040e-01 8.363530655520290402e-01 8.319471135046890842e-01 8.328371019694609245e-01 8.178774039871483659e-01 8.241358354568145694e-01 8.297446975424098703e-01 8.306103997086866642e-01 8.568179633479533486e-01 8.274858681236680891e-01 8.513047699308537997e-01 8.564078965804892141e-01 8.579433812555802286e-01 8.551573304093377237e-01 8.474389716376765636e-01 8.454376686293932908e-01 8.527384252621494909e-01 2.852927776926936776e-01 2.921934468336776503e-01 2.870622661998266656e-01 2.885197495975704296e-01 2.896046648837027337e-01 2.905762186528548230e-01 2.861552722346408784e-01 2.867039796536824947e-01 2.855485475469718426e-01 2.886201278732167808e-01 2.914617266264997175e-01 2.836262641094738912e-01 2.876608190826561162e-01 2.888146219198660103e-01 2.887565028218948004e-01 2.911678471403061907e-01 2.852312218543693878e-01 2.847340655406241927e-01 2.792735942662747939e-01 2.822294964579681320e-01 2.811898952298247378e-01 2.811212622521066518e-01 2.885462506842931818e-01 2.780208387642316703e-01 2.812030821298462380e-01 2.827216885912032240e-01 2.784097250281863389e-01 -7.027376920908741109e-01 -7.093655604198301212e-01 -7.130553466922570083e-01 -7.115770391937070727e-01 -7.083042440841224030e-01 -7.040974193185742802e-01 -7.116155306856617457e-01 -7.111777663366852797e-01 -7.114322887815018870e-01 -7.099607020196424534e-01 -7.095116346135046381e-01 -7.111753733471061212e-01 -7.117593137191009500e-01 -7.120037550588818043e-01 -7.099677282443643822e-01 -7.118864985695013692e-01 -7.094109253924910652e-01 -7.075437825446583284e-01 -7.111727257841674588e-01 -7.069726217553098380e-01 -7.315139518420521458e-01 -7.322098026628780509e-01 -7.342559105824312260e-01 -7.349107750923795646e-01 -7.353933443526260438e-01 -7.306709067047698625e-01 -7.329545824833977319e-01 -7.284146230196228977e-01 -7.318321176267408301e-01 -7.312925239339689298e-01 -7.312259784577986865e-01 -7.324150906199696776e-01 -7.276189285272055551e-01 -7.311801043384188459e-01 -7.307569525002769462e-01 -7.332324238479435152e-01 -7.318491740418265890e-01 -7.369499077018827338e-01 -7.321316995561869545e-01 -7.358606901259751032e-01 -7.312230763215005203e-01 -7.080628067099835610e-01 -7.073001558396277977e-01 -7.049652599010707288e-01
